"","Country.Name","2000","2001","2002","2003","2004","2005","2006","2007","2008","2009","2010","2011","2012","2013","2014","2015","2016","2017","2018","2019"
"1","Aruba",NA,NA,NA,NA,NA,NA,NA,NA,NA,NA,NA,NA,NA,NA,NA,NA,NA,NA,NA,NA
"2","Africa Eastern and Southern",85.55713132,82.53188388,79.36310008,76.24338583,73.22076952,70.28120223,67.58222948,64.90957431,62.38313267,59.98633496,57.79580247,55.67965817,53.73743013,52.00407493,50.41558946,48.95864126,47.52724371,46.1081401,44.79522074,43.59125166
"3","Afghanistan",90.5,87.9,85.3,82.7,80,77.3,74.6,71.9,69.2,66.7,64.2,61.8,59.5,57.3,55.2,53.2,51.3,49.5,47.9,46.4
"4","Africa Western and Central",99.16617376,96.5793404,93.92350562,91.2442253,88.57660878,86.0171123,83.53945121,81.17597055,79.00153677,77.02490628,75.16024311,73.5080295,71.96530018,70.55418322,69.24899712,68.00160289,66.67483055,65.31384172,63.87577856,62.35233279
"5","Angola",121.5,118.2,114.5,110.4,105.7,100.9,95.7,90.6,85.5,80.6,75.9,71.5,67.4,63.7,60.5,57.7,55.5,53.5,51.7,49.9
"6","Albania",24.1,22.9,21.7,20.4,19.1,17.8,16.6,15.3,14.1,12.9,11.8,10.8,10,9.3,8.8,8.5,8.4,8.4,8.5,8.6
"7","Andorra",7.3,6.9,6.5,6.2,5.9,5.6,5.3,5,4.7,4.4,4.1,3.9,3.7,3.5,3.3,3.1,2.9,2.8,2.6,2.5
"8","Arab World",44.09256936,42.80036294,41.50108659,40.27458816,39.03268064,37.82395227,36.61907387,35.39824616,34.18125018,33.03302876,31.98699405,31.1429479,30.64680617,30.00549986,29.35539374,28.69596462,28.08376594,27.29272157,26.82549778,26.33280639
"9","United Arab Emirates",9.6,9.3,9.1,8.9,8.6,8.4,8.2,8.1,7.9,7.6,7.4,7.2,7,6.8,6.7,6.5,6.3,6.2,6,5.8
"10","Argentina",17.5,16.9,16.4,15.8,15.3,14.8,14.4,14,13.7,13.3,12.9,12.4,11.9,11.3,10.8,10.2,9.7,9.2,8.6,8.1
"11","Armenia",27,25.7,24.5,23.3,22.2,21.1,20,19,18.1,17.2,16.3,15.5,14.7,14,13.3,12.6,12,11.3,10.8,10.2
"12","American Samoa",NA,NA,NA,NA,NA,NA,NA,NA,NA,NA,NA,NA,NA,NA,NA,NA,NA,NA,NA,NA
"13","Antigua and Barbuda",12.6,12.3,11.9,11.5,11,10.6,10.1,9.6,9.2,8.7,8.3,7.9,7.5,7.1,6.8,6.5,6.2,6,5.8,5.6
"14","Australia",5.1,5,5,4.9,4.8,4.8,4.7,4.5,4.4,4.2,4,3.8,3.6,3.5,3.4,3.3,3.2,3.2,3.2,3.2
"15","Austria",4.6,4.5,4.4,4.3,4.2,4.1,3.9,3.8,3.8,3.7,3.6,3.5,3.3,3.2,3.1,3,3,2.9,2.9,2.9
"16","Azerbaijan",60.9,57.2,53.5,50.1,47,44.1,41.5,39.1,36.8,34.7,32.5,30.5,28.5,26.7,24.9,23.3,21.8,20.3,19.2,18.2
"17","Burundi",94.7,91.9,88.9,85.7,82.3,78.4,74.4,70.4,66.5,62.9,59.4,56.3,53.4,50.7,48.2,46.2,44.4,42.7,41.3,39.9
"18","Belgium",4.8,4.6,4.4,4.3,4.2,4,4,3.9,3.8,3.7,3.6,3.6,3.5,3.4,3.3,3.3,3.3,3.3,3.4,3.4
"19","Benin",85,83.3,81.5,79.8,78.2,76.5,75,73.6,72.2,70.9,69.6,68.3,67,65.7,64.4,63.2,61.9,60.6,59.3,57.9
"20","Burkina Faso",90.9,89.3,87.6,85.5,83.3,80.8,78.1,75.4,72.7,70.3,68.1,66.3,64.4,62.7,61.2,59.6,58.2,56.7,55.4,54.1
"21","Bangladesh",63.1,60,57,54.3,51.8,49.4,47,44.8,42.7,40.7,38.9,37.2,35.6,34,32.5,31,29.6,28.2,26.8,25.5
"22","Bulgaria",14.4,13.8,13.2,12.5,11.8,11,10.3,9.9,9.5,9.3,9,8.7,8.2,7.8,7.3,6.9,6.5,6.1,5.8,5.5
"23","Bahrain",10.7,10.3,10,9.7,9.4,9.1,8.8,8.4,8,7.6,7.3,7,6.8,6.7,6.6,6.5,6.4,6.3,6.1,5.9
"24","Bahamas, The",13.9,14,14.1,14.3,14.4,14.4,14.3,14.1,13.9,13.6,13.3,13,12.8,12.5,12.2,12,11.7,11.4,11.2,14.5
"25","Bosnia and Herzegovina",8.7,8.4,8.2,8.1,7.9,7.8,7.5,7.2,6.9,6.6,6.3,6,5.8,5.6,5.5,5.4,5.3,5.3,5.2,5.1
"26","Belarus",9.9,9.2,8.5,7.8,7.3,6.7,6.2,5.6,5.1,4.6,4.3,3.9,3.7,3.5,3.3,3.1,2.9,2.7,2.5,2.4
"27","Belize",20,19.4,18.9,18.5,18.2,17.9,17.6,17.3,17,16.6,16.2,15.7,15.2,14.6,13.9,13.2,12.5,11.8,11.1,10.6
"28","Bermuda",NA,NA,NA,NA,NA,NA,NA,NA,NA,NA,NA,NA,NA,NA,NA,NA,NA,NA,NA,NA
"29","Bolivia",55.9,53.1,50.4,47.8,45.4,43.1,40.8,38.7,36.7,34.8,33,31.2,29.6,28,26.6,25.4,24.3,23.2,22.3,21.5
"30","Brazil",30.4,28.5,26.8,25.1,23.5,22,20.7,19.5,18.4,17.5,16.7,16,15.4,14.9,14.6,14.2,15,13.8,13.6,13.3
"31","Barbados",13.7,14,14.2,14.3,14.4,14.4,14.3,14.2,14.1,13.9,13.8,13.7,13.6,13.5,13.3,13,12.7,12.4,12.1,11.7
"32","Brunei Darussalam",8.2,8,7.9,7.8,7.7,7.7,7.7,7.7,7.7,7.8,7.9,8.1,8.2,8.4,8.6,8.8,9,9.2,9.4,9.6
"33","Bhutan",57.5,54.8,52.2,49.7,47.2,44.7,42.3,40.1,38,36,34.1,32.4,31,29.6,28.5,27.4,26.5,25.6,24.7,23.9
"34","Botswana",45.2,44.6,43.9,43.1,42.1,38.9,38.1,39.5,40.3,40.1,39.5,41.1,40.2,39.4,40.1,39.6,39.3,38.2,37.6,36.9
"35","Central African Republic",109.9,109.2,108.5,107.7,106.9,106.1,104.8,103.7,102.5,100.6,99,96.7,94.5,93,90.5,87.9,85.6,83.8,81.6,79.1
"36","Canada",5.3,5.3,5.3,5.3,5.3,5.2,5.2,5.1,5.1,5,5,4.9,4.9,4.8,4.7,4.7,4.6,4.6,4.5,4.4
"37","Central Europe and the Baltics",10.35377888,9.838498124,9.49103012,9.207105119,8.870824183,8.393090011,7.882774817,7.420926297,6.935704017,6.548900595,6.169101866,5.886856808,5.622893974,5.340968848,5.06766987,4.835833913,4.604803763,4.397392104,4.213125998,4.052811301
"38","Switzerland",4.7,4.6,4.5,4.5,4.4,4.3,4.2,4.1,4,4,3.9,3.9,3.8,3.8,3.8,3.7,3.7,3.6,3.6,3.6
"39","Channel Islands",NA,NA,NA,NA,NA,NA,NA,NA,NA,NA,NA,NA,NA,NA,NA,NA,NA,NA,NA,NA
"40","Chile",9.2,8.7,8.3,8.1,7.9,7.7,7.6,7.6,7.6,7.5,7.4,7.3,7.2,7.1,6.9,6.7,6.5,6.4,6.2,6
"41","China",29.9,27.8,25.6,23.4,21.4,19.4,17.7,16.2,14.8,13.6,12.5,11.5,10.6,9.8,9,8.3,7.6,7,6.4,5.9
"42","Cote d'Ivoire",95.6,93.7,91.6,89.6,87.5,85.2,83.4,81.1,78.7,76.6,74.7,72.9,71,69.1,67.3,65.7,64.4,62.9,61.3,59.4
"43","Cameroon",87.6,85.8,83.7,81.7,79.7,78.1,76.2,74.6,72.7,71.1,68.6,66.6,64.2,61.6,59.5,57,55.2,53.2,51.3,49.9
"44","Congo, Dem. Rep.",106.5,104.4,102.2,99.9,97.5,95.2,92.8,90.4,88.1,85.8,83.5,81.3,79.1,77,75,73,71.1,69.1,67.3,65.5
"45","Congo, Rep.",72.4,70.7,68,64.6,60.7,56.8,53.1,49.8,46.9,44.7,43,41.7,40.7,39.7,38.7,37.6,36.6,35.6,34.7,35.9
"46","Colombia",21.2,20.6,19.9,19.4,18.9,18.3,17.8,17.2,16.7,16.2,15.7,15.2,14.7,14.3,13.8,13.4,12.9,12.5,12.1,11.7
"47","Comoros",72.4,72.1,72,71.7,71,69.8,68.4,66.8,65.3,63.7,62.2,60.5,58.9,57.2,55.8,54.4,53,51.5,50.1,48.7
"48","Cabo Verde",31.1,28.4,26.3,24.8,24,23.5,23.4,23.3,23.1,22.7,22.1,21.3,20.3,19.2,17.9,16.7,15.5,14.5,13.6,12.8
"49","Costa Rica",11.1,10.5,10.1,10,9.9,9.9,9.8,9.7,9.5,9.3,9.2,8.9,8.6,8.2,7.9,7.7,7.6,7.5,7.4,7.2
"50","Caribbean small states",22.62139511,22.15000737,21.71879025,21.28469718,20.90205557,20.50995128,20.10601443,19.72218506,19.36737517,18.93985131,18.52872136,18.14184207,17.67429911,17.25074584,16.7864046,16.34724219,15.87550598,15.41861902,14.96289049,14.7001176
"51","Cuba",7,6.8,6.5,6.3,6.1,5.9,5.7,5.5,5.4,5.2,5.1,5,4.8,4.7,4.6,4.5,4.4,4.3,4.3,4.2
"52","Curacao",NA,NA,NA,NA,NA,NA,NA,NA,NA,NA,NA,NA,NA,NA,NA,NA,NA,NA,NA,NA
"53","Cayman Islands",NA,NA,NA,NA,NA,NA,NA,NA,NA,NA,NA,NA,NA,NA,NA,NA,NA,NA,NA,NA
"54","Cyprus",5.6,5.2,4.8,4.5,4.1,3.8,3.6,3.3,3.1,3,2.8,2.7,2.6,2.5,2.4,2.4,2.4,2.3,2.3,2.3
"55","Czechia",4.5,4.3,4.1,3.9,3.7,3.6,3.4,3.2,3,2.9,2.7,2.6,2.6,2.5,2.5,2.5,2.6,2.6,2.5,2.4
"56","Germany",4.4,4.3,4.2,4.1,4,3.9,3.8,3.7,3.6,3.5,3.5,3.4,3.4,3.3,3.3,3.3,3.3,3.3,3.2,3.2
"57","Djibouti",79.9,78.2,76.5,74.7,72.9,71.2,69.4,67.6,65.9,64.2,62.5,60.9,59.3,57.8,56.2,54.6,53.1,51.6,50.1,48.6
"58","Dominica",14.1,14.5,14.9,15.5,16.1,16.8,17.5,18.3,19.2,20.2,21.3,22.5,23.7,25,26.2,27.5,28.7,29.7,30.6,31.2
"59","Denmark",4.7,4.7,4.6,4.5,4.3,4.2,4,3.8,3.7,3.6,3.5,3.4,3.5,3.5,3.5,3.5,3.5,3.4,3.3,3.2
"60","Dominican Republic",32.4,31.7,31.1,30.6,30.1,29.8,29.5,29.3,29.1,29,28.9,28.8,28.8,28.8,28.8,28.8,28.8,28.7,28.6,28.3
"61","Algeria",33.9,33.3,32.4,31.3,30.1,28.8,27.6,26.4,25.3,24.4,23.6,22.9,22.5,22.1,21.9,21.6,21.3,20.9,20.4,20
"62","East Asia & Pacific (excluding high income)",33.16846587,31.38716221,29.56173495,27.77954,26.48710023,24.50039718,23.08501612,21.79278443,20.93439293,19.45171943,18.41800703,17.45388243,16.56348696,15.7733798,15.00172021,14.30805376,13.64528578,13.05515936,12.47276454,11.99486019
"63","Early-demographic dividend",57.75459926,55.68720298,53.65313589,51.75645537,50.03635684,48.06140234,46.29688543,44.54735104,42.96834484,41.03555068,39.54141204,37.78822996,36.31557687,34.88359753,33.56873239,32.23468653,31.05078314,29.84934219,28.73565959,27.68605044
"64","East Asia & Pacific",31.3,29.6,27.9,26.3,25,23.2,21.8,20.6,19.8,18.4,17.5,16.6,15.7,15,14.3,13.6,13,12.4,11.9,11.5
"65","Europe & Central Asia (excluding high income)",29.66154646,27.90783362,26.12291157,24.4269964,22.815656,21.32131615,19.96548654,18.73682768,17.60067164,16.56050392,15.6579693,14.83866011,14.1119825,13.38463092,12.69359038,11.9906252,11.39509884,10.7691165,10.28174227,9.798575221
"66","Europe & Central Asia",17.5,16.5,15.6,14.7,13.8,13,12.3,11.6,11,10.5,10,9.6,9.2,8.8,8.4,8.1,7.7,7.4,7.1,6.8
"67","Ecuador",24.7,23.4,22.4,21.5,20.7,19.9,19.2,18.5,17.7,17,16.3,15.6,14.9,14.3,13.7,13.2,12.8,12.4,12,11.6
"68","Egypt, Arab Rep.",37.1,35.2,33.5,32,30.6,29.3,28.2,27.1,26,25,24,23.1,22.2,21.3,20.5,19.8,19.1,18.5,17.8,17.2
"69","Euro area",4.696466531,4.516125961,4.340624687,4.193157965,4.004423378,3.869427271,3.77414197,3.652889576,3.552001682,3.43715676,3.380913801,3.310764644,3.260382246,3.190569679,3.164692289,3.163566443,3.145748634,3.148052166,3.122405327,3.09880315
"70","Eritrea",56.1,53.8,51.6,49.6,47.8,46.1,44.5,43,41.5,40.2,39,37.9,36.8,35.8,34.9,34,33.1,32.2,31.3,30.5
"71","Spain",4.4,4.3,4.2,4.1,3.9,3.8,3.7,3.6,3.4,3.3,3.1,3,2.9,2.8,2.8,2.7,2.7,2.7,2.7,2.7
"72","Estonia",8.7,8,7.3,6.7,6.2,5.7,5.2,4.7,4.3,4,3.6,3.3,3,2.8,2.6,2.4,2.2,2.1,1.9,1.8
"73","Ethiopia",87.2,83.8,80.3,76.7,73.1,69.5,66.1,62.8,59.8,57,54.3,51.9,49.5,47.3,45.2,43.2,41.3,39.5,38,36.6
"74","European Union",5.884239013,5.625409603,5.412376897,5.241291206,5.027960113,4.827376575,4.645088753,4.453884624,4.273168131,4.102428626,3.972907609,3.857706011,3.760763229,3.646518493,3.567113205,3.512366861,3.448654216,3.404109399,3.340164338,3.287070258
"75","Fragile and conflict affected situations",85.88232882,83.60793601,81.29765864,78.95899503,76.63154789,74.37944927,72.18440296,70.00219712,68.48415946,66.20908369,64.9876737,62.98138961,61.60627795,60.3523165,59.136379,57.96462793,56.86639653,55.54172896,54.36763158,53.13138866
"76","Finland",3.5,3.4,3.3,3.3,3.2,3.1,3,2.8,2.7,2.6,2.5,2.4,2.3,2.2,2.1,2,2,2,1.9,1.9
"77","Fiji",19.1,19,19,19.2,19.4,19.7,19.9,20.1,20.2,20.1,20,20,20,20.1,20.3,20.6,21.1,21.5,22.1,22.6
"78","France",4.1,3.9,3.7,3.6,3.4,3.3,3.3,3.2,3.2,3.1,3.1,3.1,3.1,3.1,3.1,3.2,3.2,3.3,3.4,3.4
"79","Faroe Islands",NA,NA,NA,NA,NA,NA,NA,NA,NA,NA,NA,NA,NA,NA,NA,NA,NA,NA,NA,NA
"80","Micronesia, Fed. Sts.",30.8,30,29.4,29,28.7,28.6,28.5,28.4,28.2,27.8,27.4,26.8,26.2,25.6,24.9,24.2,23.5,22.7,22.1,21.5
"81","Gabon",53.3,52.3,51.2,50.2,49,47.7,46.6,45.2,43.9,42.9,41.6,40.4,39.1,37.9,37.2,36.1,34.6,33.7,32.5,31.5
"82","United Kingdom",5.6,5.5,5.4,5.3,5.2,5.1,5,4.9,4.8,4.6,4.4,4.3,4.1,4,3.9,3.8,3.8,3.8,3.7,3.7
"83","Georgia",31.9,29.9,27.7,25.5,23.2,21,19,17.1,15.4,13.9,12.7,11.6,10.8,10.2,9.7,9.4,9.1,8.8,8.7,8.4
"84","Ghana",64.3,62.1,59.9,58,56.4,54.9,53.5,52.1,50.5,48.8,47,45.2,43.4,41.8,40.2,38.8,37.4,36.2,35,34
"85","Gibraltar",NA,NA,NA,NA,NA,NA,NA,NA,NA,NA,NA,NA,NA,NA,NA,NA,NA,NA,NA,NA
"86","Guinea",99.9,96.2,92.7,89.5,86.5,83.9,81.5,79.4,77.6,75.9,74.4,73.1,71.8,70.5,69.5,68.4,67.1,66,64.7,63.4
"87","Gambia, The",61.6,59.8,58.1,56.4,54.7,53.1,51.5,50,48.6,47.1,45.8,44.5,43.2,42,40.9,39.7,38.6,37.5,36.5,35.6
"88","Guinea-Bissau",105,102.1,99.1,95.9,92.6,89.2,85.9,82.5,79.1,75.9,72.6,69.6,66.8,64.3,62.1,60,58.1,56.3,54.6,53
"89","Equatorial Guinea",107.1,104.4,101.7,99,96.1,93.2,90.3,87.4,84.5,81.7,79.1,76.7,74.3,72.1,69.9,67.6,65.6,63.6,61.7,60
"90","Greece",5.6,5.2,4.9,4.6,4.3,4,3.8,3.6,3.5,3.4,3.4,3.5,3.5,3.6,3.7,3.8,3.9,3.8,3.7,3.7
"91","Grenada",12.9,12.8,12.6,12.5,12.5,12.4,12.5,12.5,12.7,12.8,13,13.3,13.5,13.8,14,14.3,14.5,14.6,14.7,14.7
"92","Greenland",NA,NA,NA,NA,NA,NA,NA,NA,NA,NA,NA,NA,NA,NA,NA,NA,NA,NA,NA,NA
"93","Guatemala",41,39.5,38.1,36.8,35.6,34.3,33.1,32,30.8,29.7,28.6,27.6,26.5,25.6,24.6,23.7,22.9,22.2,21.4,20.7
"94","Guam",NA,NA,NA,NA,NA,NA,NA,NA,NA,NA,NA,NA,NA,NA,NA,NA,NA,NA,NA,NA
"95","Guyana",37,36.2,35.4,34.7,34,33.4,32.8,32.2,31.7,31.1,30.6,30,29.4,28.8,28.1,27.4,26.6,25.9,25.2,24.5
"96","High income",6.5,6.3,6.1,6,5.8,5.7,5.5,5.4,5.2,5.1,5,4.8,4.7,4.6,4.5,4.5,4.4,4.3,4.3,4.2
"97","Hong Kong SAR, China",NA,NA,NA,NA,NA,NA,NA,NA,NA,NA,NA,NA,NA,NA,NA,NA,NA,NA,NA,NA
"98","Honduras",30.3,29,27.8,26.6,25.5,24.4,23.4,22.4,21.5,20.6,19.8,19.1,18.4,17.7,17.1,16.5,16,15.4,14.9,14.4
"99","Heavily indebted poor countries (HIPC)",88.55249366,85.55997175,82.45054761,79.371417,76.37041674,73.54557655,70.93143761,68.3847378,66.06083213,63.86964536,62.34610957,59.79667469,57.83168682,56.01166588,54.345575,52.78138855,51.2046049,49.64819521,48.23119772,46.91232141
"100","Croatia",7.2,6.9,6.6,6.3,6.1,5.8,5.5,5.3,5.1,4.9,4.7,4.5,4.4,4.3,4.3,4.2,4.1,4.1,4,3.9
"101","Haiti",74.5,72.3,70.3,68.4,66.7,65.3,63.8,62.5,61.3,60,102.6,57.6,56.4,55.3,54.1,52.8,51.5,50.3,49,47.8
"102","Hungary",8.7,8.2,7.6,7.1,6.7,6.4,6.1,5.8,5.5,5.2,5.1,4.9,4.8,4.7,4.5,4.2,4,3.7,3.5,3.4
"103","IBRD only",43.79181376,42.06127195,40.30540053,38.6221595,37.09793005,35.26420831,33.64344597,32.05043439,30.44704378,28.88954064,27.38572394,25.99638463,24.68682622,23.457663,22.35050557,21.27567129,20.39302953,19.48147506,18.65317758,17.90499767
"104","IDA & IBRD total",57.51613387,55.61815897,53.67666261,51.78536721,50.01286322,48.07646328,46.33325319,44.63222225,43.07968999,41.42897747,40.05213249,38.57870621,37.30961142,36.11998126,35.03252406,33.98495644,33.05228757,32.08123463,31.20174659,30.37654049
"105","IDA total",84.10465179,81.4501988,78.77124731,76.14584024,73.60165448,71.18461325,68.94021196,66.77438006,65.03929241,62.95364676,61.51403657,59.61444193,58.12591499,56.71225688,55.36486083,54.06324445,52.74659735,51.37043313,50.09342673,48.8296601
"106","IDA blend",89.21087928,86.97822704,84.78492529,82.59821739,80.46235121,78.40242546,76.47600323,74.62736719,72.87778684,71.4008418,69.89788244,68.57572247,67.259916,66.05387928,64.86546721,63.68334663,62.51764442,61.2808915,59.94662813,58.57198168
"107","Indonesia",41,39.4,37.8,36.4,37.1,33.6,32.4,31.2,30,29,27.9,26.9,25.9,25,24.1,23.2,22.4,21.6,20.8,20.2
"108","IDA only",81.56870482,78.70312198,75.77857068,72.92780217,70.16998224,67.56113908,65.14060403,62.79549854,61.0472982,58.62943664,57.20115018,54.98401213,53.38828021,51.85235678,50.41198076,49.04308001,47.6485489,46.20586127,44.96912691,43.7766524
"109","Isle of Man",NA,NA,NA,NA,NA,NA,NA,NA,NA,NA,NA,NA,NA,NA,NA,NA,NA,NA,NA,NA
"110","India",66.7,64.4,62.1,60,57.8,55.7,53.6,51.5,49.4,47.2,45.1,43,40.9,38.8,36.9,34.9,33.1,31.4,29.8,28.3
"111","Not classified",NA,NA,NA,NA,NA,NA,NA,NA,NA,NA,NA,NA,NA,NA,NA,NA,NA,NA,NA,NA
"112","Ireland",6,5.8,5.5,5.1,4.7,4.4,4.1,3.9,3.8,3.6,3.5,3.5,3.4,3.3,3.3,3.2,3.1,3,2.8,2.7
"113","Iran, Islamic Rep.",29.7,28.2,26.7,25.1,23.6,22.2,20.9,19.7,18.5,17.4,16.5,15.7,15,14.4,13.8,13.3,12.8,12.4,11.9,11.5
"114","Iraq",35.6,34.9,34.3,33.7,33.1,32.4,31.8,31.1,30.3,29.5,28.7,27.9,27.1,26.3,25.5,24.8,24.1,23.4,22.7,22
"115","Iceland",3.2,3.1,2.9,2.8,2.7,2.6,2.5,2.4,2.3,2.2,2.2,2.1,2,1.9,1.9,1.8,1.8,1.7,1.6,1.6
"116","Israel",5.6,5.4,5.2,4.9,4.7,4.5,4.3,4.1,3.9,3.8,3.7,3.5,3.4,3.3,3.2,3.2,3.1,3,3,3
"117","Italy",4.7,4.5,4.3,4.1,3.9,3.8,3.7,3.6,3.5,3.4,3.4,3.3,3.2,3.1,3,3,2.9,2.8,2.7,2.6
"118","Jamaica",18.9,18.4,18,17.6,17.3,17,16.7,16.5,16.2,15.8,15.4,15.1,14.6,14.2,13.8,13.4,13,12.6,12.2,11.8
"119","Jordan",22.5,22,21.4,20.8,20.2,19.7,19.2,18.7,18.1,17.6,17.2,16.7,16.2,15.8,15.4,15,14.6,14.1,13.7,13.3
"120","Japan",3.3,3.1,3,2.9,2.8,2.8,2.7,2.6,2.5,2.4,2.4,2.3,2.2,2.1,2.1,2,2,1.9,1.9,1.8
"121","Kazakhstan",36.7,34.6,32.6,30.8,29,27.3,25.6,23.8,21.9,20,18.2,16.4,14.6,13,11.6,10.6,9.8,9.4,9.2,9
"122","Kenya",59.9,57.8,55.5,53.2,50.8,48,45.7,43.7,41.4,40.4,39.3,38.5,38.2,37.4,36.4,35.2,34.4,33.7,32.7,32
"123","Kyrgyz Republic",42.5,40.6,38.8,37.1,35.6,34.1,32.7,31.2,29.6,27.8,26.1,24.5,23.2,22,20.9,19.9,18.9,18,17.1,16.4
"124","Cambodia",79.2,73.4,67.3,61.8,56.9,52.8,49.3,46.2,43.2,40.2,37.3,34.6,32.3,30.3,28.7,27.3,26,24.9,23.8,22.9
"125","Kiribati",51.7,50.7,50,49.5,49.4,49.4,49.7,50,50,49.8,49.3,48.6,47.8,46.8,45.8,44.7,43.6,42.6,41.4,40.3
"126","St. Kitts and Nevis",19.8,18.9,18,17.2,16.5,15.9,15.5,15.2,14.9,14.7,14.6,14.5,14.5,14.5,14.3,14.1,13.9,13.6,13.3,12.9
"127","Korea, Rep.",6.5,6.1,5.8,5.5,5.1,4.8,4.4,4.1,3.9,3.7,3.5,3.4,3.3,3.2,3.1,3,2.9,2.8,2.8,2.7
"128","Kuwait",10.7,10.5,10.3,10.1,10,9.8,9.7,9.5,9.4,9.2,8.9,8.5,8.2,7.9,7.7,7.5,7.4,7.4,7.5,7.5
"129","Latin America & Caribbean (excluding high income)",28.63435139,27.25693197,26.00031568,24.79285677,23.68366428,22.63954475,21.69189635,20.81846243,19.9930942,19.24255999,19.77104324,17.88867278,17.27467847,16.71357922,16.21537858,15.70435347,15.5991091,14.86857569,14.4621161,14.04537177
"130","Lao PDR",76.5,73.9,71.3,68.7,66.1,63.6,61.1,58.7,56.3,54,51.8,49.7,47.6,45.7,43.8,42.1,40.5,39.1,37.8,36.5
"131","Lebanon",17,16,15.1,14.1,13.1,12.1,11.2,10.4,9.8,9.2,8.7,8.3,8,7.7,7.4,7.1,6.8,6.6,6.4,6.2
"132","Liberia",127.9,119.7,111.9,104.3,97.2,90.7,85.3,80.8,77.2,74.2,71.8,69.9,68.3,66.9,66,64.4,63.1,62,60.8,59.5
"133","Libya",24.1,23.4,22.7,21.9,21,19.8,18.6,17.3,16.1,15.1,14.2,14.9,12.9,12.3,11.8,11.4,11,10.6,10.2,9.9
"134","St. Lucia",15.6,15.6,15.6,15.7,15.8,16,16.1,16.4,16.6,16.9,17.3,17.7,18.1,18.5,19,19.5,20,20.6,21.1,21.6
"135","Latin America & Caribbean",27.5,26.3,25.1,23.9,22.9,21.9,21,20.1,19.3,18.6,19.1,17.4,16.9,16.4,15.9,15.5,15.6,14.9,14.6,14.2
"136","Least developed countries: UN classification",85.24020111,82.25743071,79.21156815,76.22242605,73.30743938,70.5457306,67.94206388,65.42056324,63.52472129,60.90429846,59.32133673,56.88961096,55.01304124,53.2748121,51.69869798,50.25013479,48.76611812,47.32042009,46.01501889,44.77142153
"137","Low income",89.2,86.2,83.1,80,77,74.2,71.5,69,66.6,64.4,62.5,60.4,58.7,57.1,55.5,53.9,52.4,50.8,49.5,48.2
"138","Liechtenstein",NA,NA,NA,NA,NA,NA,NA,NA,NA,NA,NA,NA,NA,NA,NA,NA,NA,NA,NA,NA
"139","Sri Lanka",14.2,13.7,13.4,13,17.7,12.2,11.6,11,10.5,13.9,9.8,9.4,8.9,8.4,7.9,7.5,7.1,6.7,6.4,6.2
"140","Lower middle income",65.4,63.3,61.2,59.2,57.3,55.2,53.4,51.6,50,48.1,46.6,44.9,43.4,42,40.7,39.5,38.3,37.1,36,34.9
"141","Low & middle income",57.96637283,56.03694978,54.06598868,52.15183055,50.3639507,48.41730032,46.66697594,44.95764464,43.39549262,41.73020931,40.33727737,38.84470876,37.55642936,36.34929239,35.24593027,34.18082542,33.21680457,32.23513926,31.34634663,30.51231811
"142","Lesotho",70,70.5,71.2,72.2,73,74,74.5,73.8,77.1,73.6,70.9,69,70.2,71,71.9,72.6,72.9,73.1,72.1,71.4
"143","Late-demographic dividend",27.61762013,25.81505881,23.99173126,22.21416832,20.65192199,18.99849138,17.62705798,16.40481263,15.26947255,14.33212169,13.38867481,12.56983042,11.8225541,11.15988427,10.50869273,9.917998001,9.460431298,8.87335943,8.412676403,8.007919717
"144","Lithuania",8.6,8.2,7.9,7.6,7.4,7.3,6.9,6.5,5.9,5.4,4.9,4.5,4.2,4.1,4,4,3.9,3.6,3.3,2.9
"145","Luxembourg",3.7,3.5,3.3,3.1,2.9,2.8,2.6,2.5,2.4,2.4,2.3,2.3,2.3,2.3,2.3,2.3,2.3,2.3,2.3,2.3
"146","Latvia",11.5,10.8,10.2,9.7,9.2,8.6,8.1,7.7,7.3,6.9,6.5,6.1,5.6,5.1,4.6,4.3,4,3.8,3.6,3.5
"147","Macao SAR, China",NA,NA,NA,NA,NA,NA,NA,NA,NA,NA,NA,NA,NA,NA,NA,NA,NA,NA,NA,NA
"148","St. Martin (French part)",NA,NA,NA,NA,NA,NA,NA,NA,NA,NA,NA,NA,NA,NA,NA,NA,NA,NA,NA,NA
"149","Morocco",43.9,42.3,40.6,39,37.2,35.5,33.6,31.8,30.1,28.4,26.8,25.3,23.9,22.6,21.3,20.2,19.1,18.2,17.4,16.7
"150","Monaco",4.2,4.1,4,3.8,3.7,3.6,3.6,3.5,3.4,3.3,3.3,3.2,3.1,3,3,2.9,2.8,2.7,2.6,2.5
"151","Moldova",26.2,23.9,21.7,19.8,18.3,17.1,16.3,15.7,15.3,15,14.7,14.5,14.2,14,13.7,13.6,13.3,13.1,12.9,12.7
"152","Madagascar",67.5,64.9,62.5,60.2,58,55.9,53.9,52,50.3,48.6,47.1,45.8,44.6,43.4,42.3,41.3,40.3,39.3,38.2,37.2
"153","Maldives",31.7,28.5,25.5,22.8,21.4,18.3,16.5,15.1,13.8,12.8,11.9,11.1,10.4,9.7,9.1,8.4,7.7,7.1,6.5,6
"154","Middle East & North Africa",34.4,32.9,31.6,30.3,29,27.8,26.6,25.5,24.4,23.5,22.7,22.1,21.8,21.4,20.8,20.3,19.7,19,18.6,18.2
"155","Mexico",23.8,22.8,21.9,21,20.2,19.5,18.8,18.2,17.6,17,16.4,15.9,15.4,14.9,14.4,13.9,13.5,13,12.6,12.2
"156","Marshall Islands",33.9,33.9,33.8,33.6,33.4,33.2,32.9,32.6,32.3,32,31.7,31.4,30.9,30.4,29.7,29.1,28.4,27.7,26.9,26.3
"157","Middle income",52.72909074,50.8974641,49.04544527,47.26350136,45.6290176,43.7785202,42.13070038,40.51744326,39.04499472,37.41888375,36.08283758,34.63683027,33.37974699,32.21318848,31.14696198,30.11146991,29.20574848,28.28940245,27.42020227,26.61588924
"158","North Macedonia",14.3,13.2,12.8,12.8,12.7,12.2,11.5,10.9,10.3,9.7,9.2,8.8,9,9.4,9.9,10,9.6,8.5,7.1,6
"159","Mali",101.5,98.8,96.1,93.3,90.7,88.1,85.7,83.3,81.1,78.8,76.7,74.6,72.6,70.6,68.7,66.8,65.1,63.4,61.8,60.3
"160","Malta",6.9,6.6,6.5,6.3,6.2,6.1,6,6,5.9,5.9,5.8,5.8,5.8,5.8,5.8,5.7,5.7,5.7,5.7,5.7
"161","Myanmar",65.4,63.8,62.3,60.7,59.1,57.4,55.8,54.1,63.4,50.5,48.8,47,45.4,43.8,42.3,41,39.7,38.5,37.2,36.1
"162","Middle East & North Africa (excluding high income)",36.73084467,35.27154885,33.83430893,32.45082878,31.0867918,29.78219195,28.55968381,27.38872277,26.27419416,25.27833941,24.42373425,23.74604166,23.47459086,22.98665648,22.43742775,21.84697142,21.27860785,20.50700604,20.07496815,19.62252894
"163","Montenegro",12.5,12,11.4,10.6,9.9,9.2,8.4,7.7,7,6.3,5.7,5.1,4.6,4.1,3.7,3.3,3,2.6,2.4,2.1
"164","Mongolia",48.6,45.3,42,38.9,35.9,33.1,30.5,28.1,25.9,23.9,22.1,20.6,19.4,18.3,17.4,16.6,15.9,15.1,14.4,13.8
"165","Northern Mariana Islands",NA,NA,NA,NA,NA,NA,NA,NA,NA,NA,NA,NA,NA,NA,NA,NA,NA,NA,NA,NA
"166","Mozambique",112.4,106.1,100.3,95.3,90.8,86.9,83.2,78,75.6,72.7,72.5,68.8,66.4,64.7,63,61.3,59.4,57.5,56,54.3
"167","Mauritania",69.1,68.9,68.6,68.3,67.8,67,66.1,65,63.8,62.5,61.2,60,58.8,57.5,56.2,55,53.8,52.6,51.5,50.2
"168","Mauritius",16.6,15.3,14.4,13.8,13.5,13.4,13.2,13,12.7,12.5,12.5,12.6,13,13.1,12.9,12.8,12.8,13.2,13.7,14.3
"169","Malawi",100.5,92.9,84.6,76.8,70.1,65,61.6,59.6,56.5,54.5,52.4,48.8,45.6,42.2,39.2,36.7,34.6,32.8,31.4,30.1
"170","Malaysia",8.7,8.1,7.6,7.3,7.1,7,7,6.9,6.9,6.9,6.9,6.8,6.8,6.8,6.8,6.9,7,7.1,7.2,7.3
"171","North America",7,6.9,6.8,6.8,6.7,6.6,6.5,6.5,6.4,6.2,6.1,6,5.9,5.9,5.8,5.7,5.6,5.6,5.5,5.4
"172","Namibia",45,44.2,43.6,43.3,42.7,39.4,37.3,37.6,37.5,38.5,36.8,36.9,37.9,35.8,34,33.3,32.8,32.2,31.7,30.9
"173","New Caledonia",NA,NA,NA,NA,NA,NA,NA,NA,NA,NA,NA,NA,NA,NA,NA,NA,NA,NA,NA,NA
"174","Niger",97,93.7,90.1,86.2,82.3,78.5,74.8,71.3,67.9,64.8,61.9,59.3,57,55,53.4,51.8,50.4,49.1,47.9,46.7
"175","Nigeria",109.8,106.8,103.8,100.8,97.8,95,92.3,89.8,87.7,85.9,84.3,83,81.9,81,80.1,79.3,78.3,77.1,75.7,74
"176","Nicaragua",31.4,29.9,28.5,27.2,26,24.9,23.9,22.9,22,21.1,20.3,19.5,18.7,18,17.3,16.6,16,15.4,14.8,14.3
"177","Netherlands",5.1,5,4.9,4.8,4.6,4.4,4.3,4.1,4,3.8,3.7,3.6,3.6,3.5,3.5,3.4,3.4,3.5,3.5,3.5
"178","Norway",3.9,3.8,3.7,3.6,3.4,3.3,3.2,3,2.9,2.8,2.7,2.5,2.5,2.4,2.3,2.2,2.1,2.1,2,1.9
"179","Nepal",58.7,55.8,53.1,50.6,48.2,45.9,43.8,41.9,40.1,38.3,36.6,35,33.5,32,30.5,29.2,27.8,26.6,25.5,24.5
"180","Nauru",34.3,33.3,32.6,32,31.6,31.3,31.3,31.3,31.2,31,30.6,30.1,29.5,28.9,28.2,27.4,26.7,26,25.3,24.6
"181","New Zealand",6.1,5.9,5.8,5.7,5.6,5.5,5.4,5.3,5.2,5.2,5.1,5,4.9,4.8,4.7,4.6,4.4,4.3,4.2,4.1
"182","OECD members",11.38239261,10.90228694,10.43994817,10.0247149,9.596303559,9.20904937,8.868655133,8.533711683,8.223727212,7.914226506,7.623421805,7.386425025,7.164938723,6.972863761,6.773117269,6.578514038,6.414243222,6.256605577,6.088749962,5.916369855
"183","Oman",14.2,13.3,12.5,11.9,11.4,11,10.7,10.5,10.3,10.2,10.1,10,9.8,9.7,9.7,9.6,9.6,9.6,9.6,9.5
"184","Other small states",57.85090003,56.7816395,55.70387848,54.61557339,53.37138966,51.65277602,49.74031586,48.63688349,47.93961377,46.45132357,44.7863881,43.63951966,42.79489181,41.68330939,40.90074305,39.8336914,38.89770891,38.11084172,37.06755857,36.18894435
"185","Pakistan",84.6,82.6,80.9,79.3,77.9,76.6,75.4,74.1,72.8,71.5,70.1,68.6,67,65.4,63.8,62.1,60.5,58.9,57.3,55.7
"186","Panama",21.9,21.4,20.9,20.5,20,19.5,19,18.5,18,17.5,17,16.5,16,15.5,15.1,14.6,14.1,13.7,13.2,12.8
"187","Peru",29.3,27.2,25.2,23.5,22,20.6,19.3,18.2,17.1,16.2,15.3,14.6,13.9,13.3,12.7,12.2,11.7,11.2,10.7,10.3
"188","Philippines",28.7,28.2,27.8,27.3,26.9,26.4,26,25.7,25.3,25,24.8,24.5,24.2,23.9,23.7,23.4,23,22.6,22.1,21.5
"189","Palau",25.5,25.1,24.7,24.3,24,23.6,23.2,22.8,22.3,21.8,21.3,20.7,20.1,19.6,18.9,18.3,17.8,17.2,16.7,16.2
"190","Papua New Guinea",53.6,52.8,52.1,51.3,50.4,49.6,48.7,47.8,46.8,45.9,44.9,44,43,42.1,41.2,40.2,39.3,38.2,37.2,36.2
"191","Poland",8.1,7.6,7.3,7,6.8,6.5,6.3,6.1,5.8,5.5,5.1,4.9,4.7,4.5,4.3,4.2,4.1,4,3.9,3.8
"192","Pre-demographic dividend",93.17857028,90.32961548,87.3784596,84.43330628,81.51319948,78.73426469,76.13141815,73.61419225,71.31623533,69.23964336,67.3435064,65.48808643,63.78089854,62.21229822,60.77046099,59.42387676,58.04330047,56.62272603,55.22754183,53.8361675
"193","Puerto Rico",NA,NA,NA,NA,NA,NA,NA,NA,NA,NA,NA,NA,NA,NA,NA,NA,NA,NA,NA,NA
"194","Korea, Dem. People's Rep.",44.5,39.1,34.2,30.4,27.8,26.4,26,25.7,25.2,24.4,23.1,21.5,19.8,18.3,17,16,15.1,14.4,13.7,13.1
"195","Portugal",5.5,5.1,4.7,4.3,3.9,3.6,3.4,3.3,3.2,3.1,3.1,3,3,3,3,3,3,3,2.9,2.8
"196","Paraguay",27.9,27.4,26.8,26.2,25.6,25,24.5,23.9,23.2,22.6,22,21.4,20.8,20.2,19.6,19,18.4,17.8,17.2,16.7
"197","West Bank and Gaza",25.3,24.6,23.9,23.2,22.5,21.9,21.2,20.5,19.9,19.3,18.8,18.3,17.8,17.3,16.9,16.4,16,15.5,15.1,14.6
"198","Pacific island small states",23.28399088,23.00831287,22.83066713,22.76434391,22.75646307,22.7724612,22.79939338,22.82139061,22.75004288,22.78467365,22.36588909,22.16147985,21.92341233,21.69626666,21.46377149,21.19939556,21.03421584,20.77754734,20.6092289,20.34113353
"199","Post-demographic dividend",6.067370694,5.89149283,5.737125673,5.630039581,5.477187055,5.358105743,5.269536184,5.135639517,5.020846019,4.886184896,4.743834993,4.627951858,4.520963257,4.451032301,4.369159125,4.292273527,4.231858642,4.205101597,4.141951775,4.076341636
"200","French Polynesia",NA,NA,NA,NA,NA,NA,NA,NA,NA,NA,NA,NA,NA,NA,NA,NA,NA,NA,NA,NA
"201","Qatar",10.7,10.3,10,9.6,9.3,8.9,8.7,8.4,8.2,8,7.8,7.6,7.4,7.2,7,6.7,6.3,6,5.6,5.3
"202","Romania",18.1,17.3,17,17,16.5,15.5,14.2,13,11.9,11.1,10.5,10,9.5,8.9,8.3,7.7,7,6.5,6.1,5.8
"203","Russian Federation",15.5,14.7,13.8,12.9,12,11.1,10.3,9.6,9,8.6,8.3,8.1,7.9,7.6,7.2,6.6,6.1,5.5,5.1,4.7
"204","Rwanda",109.5,100,90.3,81.4,72.8,65.5,59.3,54.4,50.2,47,44,40.6,38.8,37.1,35.7,34.6,33.7,32.9,32,31.1
"205","South Asia",68.6,66.3,64.1,62,60,58,56,54.1,52.2,50.3,48.4,46.5,44.6,42.8,41.1,39.3,37.7,36.1,34.5,33.1
"206","Saudi Arabia",18.8,17.7,16.7,15.8,15,14.2,13.4,12.6,11.9,11.2,10.5,9.9,9.3,8.8,8.3,7.8,7.3,6.9,6.6,6.3
"207","Sudan",66.9,65,63,61.2,59.4,57.8,56.2,54.7,53.3,52,50.7,49.6,48.5,47.4,46.3,45.2,44.1,43,42,41
"208","Senegal",67.7,65.2,62.3,59.2,56.1,53.2,50.6,48.2,46.1,44.1,42.4,40.7,39.2,37.6,36.2,34.7,33.3,32,30.8,29.8
"209","Singapore",3,2.8,2.6,2.5,2.4,2.3,2.3,2.3,2.3,2.3,2.3,2.2,2.2,2.2,2.2,2.2,2.2,2.2,2.1,2
"210","Solomon Islands",25.6,25.3,25.1,24.9,24.7,24.4,24.1,23.8,23.3,22.8,22.2,21.6,21,20.5,19.9,19.3,18.8,18.2,17.7,17.1
"211","Sierra Leone",138.1,135.6,132.9,130.2,127.2,124.1,120.9,117.6,114.2,110.6,107.2,103.8,100.7,97.7,95.6,95.1,89.7,87.3,84.8,82.4
"212","El Salvador",27.4,26,24.7,23.5,22.4,21.2,20.2,19.2,18.3,17.4,16.6,15.8,15.1,14.4,13.8,13.3,12.8,12.3,11.9,11.5
"213","San Marino",5,4.6,4.3,4,3.7,3.4,3.2,3,2.9,2.7,2.5,2.4,2.3,2.2,2.1,1.9,1.9,1.8,1.7,1.6
"214","Somalia",104.4,104.4,104.4,104.4,104.4,104.4,104,103,101.1,98.7,96.2,93.8,91,88.4,85.9,83.6,81.4,79.1,76.8,74.8
"215","Serbia",10.9,10.6,9.9,9.1,8.4,7.7,7.3,7,6.9,6.7,6.6,6.4,6.2,5.9,5.7,5.4,5.2,5.1,5,4.9
"216","Sub-Saharan Africa (excluding high income)",91.21701055,88.38478302,85.43946414,82.51196345,79.64478414,76.87055644,74.27076114,71.73527275,69.36577835,67.15651896,65.11554712,63.20831213,61.44812952,59.863624,58.40649884,57.04819489,55.66917405,54.28127288,52.92056747,51.58530732
"217","South Sudan",108.9,104.1,99.5,95,90.7,86.6,82.8,79.1,75.7,72.4,69.2,66.4,64.5,63.6,63.3,63.3,63.3,63.3,63.3,63.3
"218","Sub-Saharan Africa",91.2,88.4,85.4,82.5,79.6,76.9,74.3,71.7,69.4,67.1,65.1,63.2,61.4,59.9,58.4,57.1,55.7,54.3,52.9,51.6
"219","Small states",49.43351285,48.62861963,47.82897936,47.02200724,46.09837653,44.7968231,43.33086386,42.48679681,41.95176377,40.78858811,39.45025925,38.53133157,37.83263077,36.92561592,36.2692934,35.38423322,34.60165192,33.92980132,33.05567663,32.32778064
"220","Sao Tome and Principe",54.3,51.2,48,45,42.1,39.3,36.6,34.2,31.9,29.7,27.6,25.7,23.7,22,20.1,18.5,16.9,15.5,14.4,13.5
"221","Suriname",27.5,26.6,25.7,24.9,24.2,23.5,22.9,22.2,21.7,21.1,20.6,20.1,19.6,19.1,18.6,18.2,17.7,17.2,16.7,16.2
"222","Slovak Republic",8.2,7.9,7.6,7.3,7.1,6.8,6.6,6.4,6.1,5.9,5.8,5.6,5.5,5.3,5.2,5.1,5,4.9,4.9,4.8
"223","Slovenia",4.6,4.3,4.1,3.9,3.7,3.5,3.3,3.1,2.9,2.8,2.6,2.5,2.4,2.3,2.2,2.1,2,2,1.9,1.8
"224","Sweden",3.4,3.4,3.3,3.2,3.1,3,2.8,2.7,2.6,2.6,2.5,2.5,2.4,2.4,2.4,2.3,2.3,2.3,2.2,2.2
"225","Eswatini",67.8,69,69.6,69.8,69.1,68.3,58.8,59.3,61.1,57.9,54.7,51.5,50.6,49.5,50.1,45.2,42.6,43.5,39.4,37.7
"226","Sint Maarten (Dutch part)",NA,NA,NA,NA,NA,NA,NA,NA,NA,NA,NA,NA,NA,NA,NA,NA,NA,NA,NA,NA
"227","Seychelles",11.8,11.8,11.8,11.8,11.8,11.8,11.9,11.9,12,12,12.1,12.2,12.4,12.5,12.6,12.7,12.8,12.7,12.5,12.3
"228","Syrian Arab Republic",19.6,18.9,18.2,17.7,17.2,16.8,16.5,16.3,16.2,16.1,16.2,16.7,23.4,26.8,27.7,25.6,25,18.8,18.9,18.4
"229","Turks and Caicos Islands",NA,NA,NA,NA,NA,NA,NA,NA,NA,NA,NA,NA,NA,NA,NA,NA,NA,NA,NA,NA
"230","Chad",99.7,98.2,96.8,95.3,93.9,92.4,90.8,89.2,87.5,85.8,84.1,82.3,80.6,78.9,77.3,75.7,74.1,72.4,70.7,69
"231","East Asia & Pacific (IDA & IBRD countries)",33.00894493,31.27993165,29.49834472,27.74447821,26.46995044,24.47620145,23.04879444,21.74532657,20.88357751,19.39363823,18.3635568,17.40698222,16.52590737,15.74387851,14.97818255,14.28789965,13.62773066,13.03870017,12.45752776,11.98094798
"232","Europe & Central Asia (IDA & IBRD countries)",27.58651909,25.99524391,24.39738913,22.87964033,21.41771658,20.0309888,18.76467575,17.62055102,16.56097025,15.6012162,14.76645883,14.02039009,13.3542414,12.67904622,12.03218475,11.37500117,10.80892333,10.21981137,9.75830752,9.303456941
"233","Togo",75.7,73.7,71.8,69.9,68,66.3,64.6,62.9,61.4,59.8,58.3,56.7,55.2,53.7,52.2,50.8,49.4,48.1,46.8,45.5
"234","Thailand",18.7,17.8,17,16.2,15.5,14.8,14.1,13.4,12.8,12.2,11.7,11.2,10.6,10.2,9.7,9.3,8.9,8.5,8.1,7.7
"235","Tajikistan",67.6,62.9,58.4,54.2,50.4,47,44.1,41.7,39.7,38.1,36.9,35.8,35,34.2,33.4,32.6,31.8,30.9,30.1,29.2
"236","Turkmenistan",57.5,54.7,51.9,49.2,46.7,44.4,42.3,40.6,39.1,38,37.2,36.7,36.3,36.3,36.3,36.4,36.7,37,37,36.6
"237","Latin America & the Caribbean (IDA & IBRD countries)",27.84136067,26.51450281,25.31224798,24.15282507,23.08325131,22.06807797,21.15559296,20.31595898,19.52757205,18.8208067,19.30212212,17.56515073,17.00720025,16.49688647,16.0474057,15.6209993,15.7593298,15.07277114,14.68028882,14.28084628
"238","Timor-Leste",84.5,80.6,76.8,73,69.3,65.7,62.1,58.8,56,53.6,51.4,49.4,47.5,45.9,44.3,42.8,41.4,40.1,38.8,37.7
"239","Middle East & North Africa (IDA & IBRD countries)",36.93340972,35.46052069,34.00957075,32.61313475,31.2364785,29.91863373,28.68611608,27.5060697,26.38177987,25.37828526,24.51684863,23.83534508,23.56677135,23.07823739,22.52595357,21.93360961,21.36241472,20.5866457,20.15453651,19.7035839
"240","Tonga",14.5,14.2,13.8,13.4,13,12.7,12.3,12,11.8,11.5,11.3,11.1,11,10.9,10.8,10.7,10.6,10.4,10.3,10
"241","South Asia (IDA & IBRD)",68.65814399,66.34995517,64.09836892,62.03939856,60.0053328,57.9797978,56.02816219,54.09540033,52.18543587,50.26892404,48.36597206,46.50671839,44.64974164,42.79623312,41.08920854,39.29434342,37.65100235,36.06990537,34.55494243,33.1118778
"242","Sub-Saharan Africa (IDA & IBRD countries)",91.21257207,88.38051942,85.43537117,82.50804546,79.64104395,76.86700189,74.26739814,71.73210169,69.36279893,67.15371787,65.11291867,63.20584255,61.4458073,59.86142553,58.40441058,57.04620712,55.6672845,54.27947606,52.91885958,51.58368975
"243","Trinidad and Tobago",24.7,24.5,24.3,23.9,23.5,23,22.4,21.7,21.2,20.7,20.1,19.5,18.9,18.4,17.8,17.3,16.8,16.3,15.8,15.4
"244","Tunisia",25,23.4,22,20.8,19.7,18.8,17.9,17.2,16.6,16.2,15.8,15.5,15.2,15,14.9,14.8,14.7,14.7,14.6,14.5
"245","Turkiye",30.9,29,27.1,25.3,23.6,22,20.5,19.2,17.9,16.6,15.5,14.5,13.6,12.7,11.9,11.1,10.5,9.8,9.2,8.6
"246","Tuvalu",33.9,33.3,32.7,32.1,31.5,30.8,30,29,28,27,26,25.1,24.2,23.4,22.6,21.9,21.2,20.6,20,19.3
"247","Tanzania",78.9,74.4,69.9,65.6,61.9,58.5,55.8,52.9,51,48.7,47.1,45.5,44,43,41.9,40.9,39.7,38.2,36.8,35.8
"248","Uganda",87.1,83.4,79.2,74.7,70,65.6,61.6,57.9,54.5,52.1,49.5,47,44.3,42.4,40.6,38.9,37.3,35.7,34.1,33
"249","Ukraine",15.7,15,14.3,13.6,13,12.5,12,11.5,11.1,10.6,10.1,9.6,9.2,8.8,8.4,8.1,7.9,7.6,7.4,7.2
"250","Upper middle income",28.5,26.9,25.3,23.7,22.2,20.8,19.5,18.3,17.1,16,15,14.2,13.4,12.7,12.1,11.5,11,10.4,10,9.5
"251","Uruguay",14.8,14.4,14.1,13.7,13.2,12.5,11.7,11,10.3,9.7,9.3,8.9,8.6,8.3,8,7.6,7.2,6.8,6.3,5.8
"252","United States",7.1,7,6.9,6.9,6.8,6.7,6.7,6.6,6.5,6.4,6.2,6.1,6,6,5.9,5.8,5.7,5.7,5.6,5.5
"253","Uzbekistan",50.8,48.4,45.7,43,40.1,37.4,34.8,32.2,29.8,27.5,25.4,23.4,21.7,20,18.6,17.3,16.1,15,14.1,13.3
"254","St. Vincent and the Grenadines",19.2,19.1,19.1,19,19,18.9,18.8,18.7,18.5,18.2,17.8,17.3,16.8,16.2,15.7,15.2,14.7,14.3,13.8,13.4
"255","Venezuela, RB",18.4,17.8,17.4,16.9,16.4,15.8,15.4,15,14.7,14.6,14.7,14.7,14.9,15.1,15.4,16.4,21.1,21.1,21.1,21.1
"256","British Virgin Islands",NA,NA,NA,NA,NA,NA,NA,NA,NA,NA,NA,NA,NA,NA,NA,NA,NA,NA,NA,NA
"257","Virgin Islands (U.S.)",NA,NA,NA,NA,NA,NA,NA,NA,NA,NA,NA,NA,NA,NA,NA,NA,NA,NA,NA,NA
"258","Vietnam",23.5,22.6,21.7,21,20.4,19.9,19.4,19.1,18.8,18.5,18.3,18.1,17.9,17.8,17.6,17.4,17.3,17.1,17,16.9
"259","Vanuatu",23.9,23.7,23.6,23.5,23.6,23.6,23.8,23.9,24.1,24.2,24.3,24.5,24.5,24.3,24.1,23.6,23.2,22.7,22.2,21.6
"260","World",52.8,51.1,49.3,47.6,45.9,44.2,42.6,41,39.6,38.1,36.9,35.5,34.4,33.3,32.3,31.4,30.6,29.7,28.9,28.1
"261","Samoa",18.1,17.6,17.1,16.8,16.6,16.5,16.5,16.5,16.5,18.8,16.6,16.5,16.4,16.2,16.1,15.9,15.7,15.5,15.3,15
"262","Kosovo",NA,NA,NA,NA,NA,NA,NA,NA,NA,NA,NA,NA,NA,NA,NA,NA,NA,NA,NA,NA
"263","Yemen, Rep.",68.8,65.8,62.8,60,57.3,54.8,52.3,50,48,46.4,45.5,45.3,45.4,45.2,45.4,46.1,46,45.9,46.5,46.4
"264","South Africa",47.7,47.8,47.9,48.4,49.4,49.4,48.7,46.6,43,38.4,34.4,32.1,31,30.1,29.4,28.6,28,27.6,26.9,26.3
"265","Zambia",90.2,85.3,79.2,73.2,67.1,61.9,58.4,56.7,54.5,52.9,51.2,50.1,49.1,46.6,46,46.9,45.6,44.3,43.9,42.9
"266","Zimbabwe",51.9,51.1,50.7,50.4,51.2,51.7,53.4,54.6,54.5,54,52.1,50.8,46.5,44.8,42.9,42.1,40.8,39.9,38.8,38.1
